----------- FREQ TIME---------------------------
cpu 0 state 0
1586000 6737
1482000 565
1378000 525
1274000 621
1170000 831
1066000 661
962000 846
858000 1206
754000 1241
650000 1720
546000 2114
442000 4092
338000 4474
--------------------------------------
cpu 1 state 0
1586000 6737
1482000 565
1378000 525
1274000 621
1170000 831
1066000 661
962000 846
858000 1206
754000 1241
650000 1720
546000 2114
442000 4094
338000 4475
--------------------------------------
cpu 2 state 0
1586000 6737
1482000 565
1378000 525
1274000 621
1170000 831
1066000 661
962000 846
858000 1206
754000 1241
650000 1720
546000 2114
442000 4094
338000 4482
--------------------------------------
cpu 3 state 0
1586000 6737
1482000 565
1378000 525
1274000 621
1170000 831
1066000 661
962000 846
858000 1206
754000 1241
650000 1720
546000 2114
442000 4094
338000 4486
--------------------------------------
cpu 4 state 0
2600000 0
2496000 0
2392000 0
2288000 5055
2184000 272
2080000 4314
1976000 586
1872000 265
1768000 817
1664000 378
1560000 562
1456000 195
1352000 725
1248000 1173
1144000 386
1040000 684
936000 726
832000 1745
728000 1045
624000 893
520000 5827
--------------------------------------
cpu 5 state 0
2600000 0
2496000 0
2392000 0
2288000 5055
2184000 272
2080000 4314
1976000 586
1872000 265
1768000 817
1664000 378
1560000 562
1456000 195
1352000 725
1248000 1173
1144000 386
1040000 684
936000 726
832000 1745
728000 1048
624000 893
520000 5827
--------------------------------------
cpu 6 state 0
2600000 0
2496000 0
2392000 0
2288000 5055
2184000 272
2080000 4314
1976000 586
1872000 265
1768000 817
1664000 378
1560000 562
1456000 195
1352000 725
1248000 1173
1144000 386
1040000 684
936000 726
832000 1745
728000 1051
624000 893
520000 5830
--------------------------------------
cpu 7 state 0
2600000 0
2496000 0
2392000 0
2288000 5055
2184000 272
2080000 4314
1976000 586
1872000 265
1768000 817
1664000 378
1560000 562
1456000 195
1352000 725
1248000 1173
1144000 386
1040000 684
936000 726
832000 1745
728000 1051
624000 893
520000 5834
--------------------------------------
------------ FREQ TIME --------------------------
