----------- FREQ TIME---------------------------
cpu 0 state 0
1586000 6551
1482000 533
1378000 473
1274000 551
1170000 781
1066000 591
962000 744
858000 1104
754000 1068
650000 1538
546000 1841
442000 3605
338000 3787
--------------------------------------
cpu 1 state 0
1586000 6551
1482000 533
1378000 473
1274000 551
1170000 781
1066000 591
962000 744
858000 1106
754000 1068
650000 1538
546000 1841
442000 3605
338000 3788
--------------------------------------
cpu 2 state 0
1586000 6551
1482000 533
1378000 473
1274000 551
1170000 781
1066000 591
962000 744
858000 1106
754000 1068
650000 1538
546000 1841
442000 3605
338000 3790
--------------------------------------
cpu 3 state 0
1586000 6551
1482000 533
1378000 473
1274000 551
1170000 781
1066000 591
962000 744
858000 1106
754000 1068
650000 1538
546000 1841
442000 3605
338000 3795
--------------------------------------
cpu 4 state 0
2600000 0
2496000 0
2392000 0
2288000 4768
2184000 252
2080000 4303
1976000 513
1872000 254
1768000 736
1664000 368
1560000 509
1456000 185
1352000 674
1248000 1040
1144000 357
1040000 593
936000 633
832000 1575
728000 843
624000 760
520000 4816
--------------------------------------
cpu 5 state 0
2600000 0
2496000 0
2392000 0
2288000 4768
2184000 252
2080000 4303
1976000 513
1872000 254
1768000 736
1664000 368
1560000 509
1456000 185
1352000 674
1248000 1040
1144000 358
1040000 593
936000 633
832000 1575
728000 843
624000 760
520000 4816
--------------------------------------
cpu 6 state 0
2600000 0
2496000 0
2392000 0
2288000 4768
2184000 252
2080000 4303
1976000 513
1872000 254
1768000 736
1664000 368
1560000 509
1456000 185
1352000 674
1248000 1040
1144000 360
1040000 593
936000 633
832000 1575
728000 843
624000 760
520000 4816
--------------------------------------
cpu 7 state 0
2600000 0
2496000 0
2392000 0
2288000 4768
2184000 252
2080000 4303
1976000 513
1872000 254
1768000 736
1664000 368
1560000 509
1456000 185
1352000 674
1248000 1040
1144000 362
1040000 593
936000 633
832000 1575
728000 843
624000 760
520000 4816
--------------------------------------
------------ FREQ TIME --------------------------
